fov {x .5 y .5}

rule __dd_ALL_ {
    if (c < 7) {
        2*{x .5} 2*{y .5} __dd_ALL_{s .5 DEF{C=C+1;}}
    }
    if (c > 3) {
        ddtext2431_ {rz (x*100)}
    }
}

rule ddtext2431_{ ddtext2431{R 0.000 G 0.000 B 0.000} }
path ddtext2431 {
    moveto(-0.378, 0.213, 0.000)
    lineto(-0.352, 0.159, 0.000)
    bend(-0.350, 0.153, 0.000)
    bend(-0.348, 0.150, 0.000)
    curveto(-0.346, 0.149, 0.000)
    bend(-0.345, 0.147, 0.000)
    bend(-0.342, 0.146, 0.000)
    curveto(-0.339, 0.145, 0.000)
    bend(-0.332, 0.144, 0.000)
    bend(-0.329, 0.141, 0.000)
    curveto(-0.329, 0.136, 0.000)
    bend(-0.329, 0.129, 0.000)
    bend(-0.333, 0.124, 0.000)
    curveto(-0.341, 0.121, 0.000)
    bend(-0.349, 0.119, 0.000)
    bend(-0.362, 0.117, 0.000)
    curveto(-0.380, 0.117, 0.000)
    bend(-0.400, 0.117, 0.000)
    bend(-0.415, 0.118, 0.000)
    curveto(-0.425, 0.120, 0.000)
    bend(-0.430, 0.120, 0.000)
    bend(-0.433, 0.122, 0.000)
    curveto(-0.436, 0.125, 0.000)
    bend(-0.438, 0.127, 0.000)
    bend(-0.440, 0.130, 0.000)
    curveto(-0.440, 0.134, 0.000)
    bend(-0.440, 0.136, 0.000)
    bend(-0.439, 0.138, 0.000)
    curveto(-0.438, 0.140, 0.000)
    bend(-0.436, 0.141, 0.000)
    bend(-0.434, 0.143, 0.000)
    curveto(-0.430, 0.144, 0.000)
    bend(-0.426, 0.145, 0.000)
    bend(-0.424, 0.148, 0.000)
    curveto(-0.424, 0.151, 0.000)
    bend(-0.424, 0.157, 0.000)
    bend(-0.427, 0.161, 0.000)
    curveto(-0.435, 0.162, 0.000)
    bend(-0.442, 0.163, 0.000)
    bend(-0.453, 0.164, 0.000)
    curveto(-0.468, 0.164, 0.000)
    bend(-0.480, 0.164, 0.000)
    bend(-0.487, 0.163, 0.000)
    curveto(-0.489, 0.161, 0.000)
    bend(-0.490, 0.160, 0.000)
    bend(-0.492, 0.159, 0.000)
    curveto(-0.493, 0.156, 0.000)
    bend(-0.494, 0.154, 0.000)
    bend(-0.494, 0.152, 0.000)
    curveto(-0.494, 0.150, 0.000)
    bend(-0.494, 0.148, 0.000)
    bend(-0.494, 0.146, 0.000)
    curveto(-0.493, 0.146, 0.000)
    bend(-0.493, 0.145, 0.000)
    bend(-0.490, 0.144, 0.000)
    curveto(-0.486, 0.143, 0.000)
    bend(-0.480, 0.141, 0.000)
    bend(-0.478, 0.138, 0.000)
    curveto(-0.478, 0.133, 0.000)
    bend(-0.478, 0.123, 0.000)
    bend(-0.490, 0.117, 0.000)
    curveto(-0.516, 0.117, 0.000)
    bend(-0.531, 0.117, 0.000)
    bend(-0.541, 0.118, 0.000)
    curveto(-0.548, 0.120, 0.000)
    bend(-0.554, 0.122, 0.000)
    bend(-0.558, 0.126, 0.000)
    curveto(-0.558, 0.133, 0.000)
    bend(-0.558, 0.135, 0.000)
    bend(-0.557, 0.138, 0.000)
    curveto(-0.556, 0.139, 0.000)
    bend(-0.554, 0.141, 0.000)
    bend(-0.552, 0.142, 0.000)
    curveto(-0.548, 0.143, 0.000)
    bend(-0.542, 0.145, 0.000)
    bend(-0.538, 0.148, 0.000)
    curveto(-0.535, 0.152, 0.000)
    bend(-0.532, 0.156, 0.000)
    bend(-0.527, 0.164, 0.000)
    curveto(-0.522, 0.176, 0.000)
    lineto(-0.503, 0.218, 0.000)
    bend(-0.496, 0.233, 0.000)
    bend(-0.491, 0.244, 0.000)
    curveto(-0.489, 0.252, 0.000)
    bend(-0.486, 0.260, 0.000)
    bend(-0.485, 0.267, 0.000)
    curveto(-0.485, 0.274, 0.000)
    bend(-0.485, 0.282, 0.000)
    bend(-0.484, 0.287, 0.000)
    curveto(-0.484, 0.290, 0.000)
    bend(-0.483, 0.293, 0.000)
    bend(-0.481, 0.296, 0.000)
    curveto(-0.478, 0.299, 0.000)
    bend(-0.472, 0.306, 0.000)
    bend(-0.464, 0.309, 0.000)
    curveto(-0.454, 0.309, 0.000)
    bend(-0.445, 0.309, 0.000)
    bend(-0.436, 0.305, 0.000)
    curveto(-0.428, 0.298, 0.000)
    bend(-0.417, 0.288, 0.000)
    bend(-0.400, 0.260, 0.000)
    curveto(-0.378, 0.213, 0.000)
    lineto(-0.378, 0.213, 0.000)
    close
    moveto(-0.472, 0.196, 0.000)
    lineto(-0.445, 0.196, 0.000)
    bend(-0.440, 0.196, 0.000)
    bend(-0.438, 0.197, 0.000)
    curveto(-0.438, 0.199, 0.000)
    bend(-0.438, 0.202, 0.000)
    bend(-0.441, 0.210, 0.000)
    curveto(-0.448, 0.221, 0.000)
    bend(-0.451, 0.227, 0.000)
    bend(-0.454, 0.230, 0.000)
    curveto(-0.455, 0.232, 0.000)
    bend(-0.457, 0.234, 0.000)
    bend(-0.459, 0.235, 0.000)
    curveto(-0.460, 0.235, 0.000)
    bend(-0.464, 0.235, 0.000)
    bend(-0.466, 0.232, 0.000)
    curveto(-0.468, 0.226, 0.000)
    bend(-0.469, 0.225, 0.000)
    bend(-0.470, 0.222, 0.000)
    curveto(-0.472, 0.216, 0.000)
    bend(-0.476, 0.207, 0.000)
    bend(-0.478, 0.201, 0.000)
    curveto(-0.478, 0.200, 0.000)
    bend(-0.478, 0.197, 0.000)
    bend(-0.476, 0.196, 0.000)
    curveto(-0.472, 0.196, 0.000)
    lineto(-0.472, 0.196, 0.000)
    close
    moveto(-0.182, 0.120, 0.000)
    lineto(-0.200, 0.120, 0.000)
    bend(-0.212, 0.120, 0.000)
    bend(-0.222, 0.119, 0.000)
    curveto(-0.228, 0.119, 0.000)
    bend(-0.233, 0.119, 0.000)
    bend(-0.236, 0.118, 0.000)
    curveto(-0.239, 0.118, 0.000)
    bend(-0.244, 0.118, 0.000)
    bend(-0.249, 0.120, 0.000)
    curveto(-0.252, 0.123, 0.000)
    bend(-0.255, 0.125, 0.000)
    bend(-0.257, 0.129, 0.000)
    curveto(-0.257, 0.133, 0.000)
    bend(-0.257, 0.135, 0.000)
    bend(-0.256, 0.137, 0.000)
    curveto(-0.255, 0.139, 0.000)
    bend(-0.254, 0.140, 0.000)
    bend(-0.251, 0.142, 0.000)
    curveto(-0.246, 0.145, 0.000)
    bend(-0.244, 0.147, 0.000)
    bend(-0.242, 0.150, 0.000)
    curveto(-0.241, 0.154, 0.000)
    bend(-0.240, 0.158, 0.000)
    bend(-0.239, 0.166, 0.000)
    curveto(-0.238, 0.178, 0.000)
    bend(-0.236, 0.198, 0.000)
    bend(-0.235, 0.222, 0.000)
    curveto(-0.235, 0.251, 0.000)
    bend(-0.235, 0.261, 0.000)
    bend(-0.236, 0.268, 0.000)
    curveto(-0.237, 0.272, 0.000)
    bend(-0.239, 0.275, 0.000)
    bend(-0.242, 0.278, 0.000)
    curveto(-0.247, 0.280, 0.000)
    bend(-0.253, 0.283, 0.000)
    bend(-0.256, 0.287, 0.000)
    curveto(-0.256, 0.291, 0.000)
    bend(-0.256, 0.295, 0.000)
    bend(-0.254, 0.299, 0.000)
    curveto(-0.251, 0.301, 0.000)
    bend(-0.247, 0.304, 0.000)
    bend(-0.242, 0.305, 0.000)
    curveto(-0.237, 0.305, 0.000)
    bend(-0.234, 0.305, 0.000)
    bend(-0.230, 0.305, 0.000)
    curveto(-0.225, 0.305, 0.000)
    bend(-0.217, 0.304, 0.000)
    bend(-0.209, 0.304, 0.000)
    curveto(-0.199, 0.304, 0.000)
    bend(-0.193, 0.304, 0.000)
    bend(-0.179, 0.304, 0.000)
    curveto(-0.160, 0.305, 0.000)
    bend(-0.153, 0.305, 0.000)
    bend(-0.148, 0.305, 0.000)
    curveto(-0.143, 0.305, 0.000)
    bend(-0.131, 0.305, 0.000)
    bend(-0.121, 0.304, 0.000)
    curveto(-0.114, 0.302, 0.000)
    bend(-0.107, 0.300, 0.000)
    bend(-0.100, 0.297, 0.000)
    curveto(-0.095, 0.292, 0.000)
    bend(-0.086, 0.285, 0.000)
    bend(-0.082, 0.275, 0.000)
    curveto(-0.082, 0.262, 0.000)
    bend(-0.082, 0.256, 0.000)
    bend(-0.083, 0.250, 0.000)
    curveto(-0.085, 0.244, 0.000)
    bend(-0.088, 0.238, 0.000)
    bend(-0.092, 0.234, 0.000)
    curveto(-0.096, 0.230, 0.000)
    bend(-0.099, 0.228, 0.000)
    bend(-0.101, 0.225, 0.000)
    curveto(-0.101, 0.223, 0.000)
    bend(-0.101, 0.221, 0.000)
    bend(-0.099, 0.219, 0.000)
    curveto(-0.095, 0.218, 0.000)
    bend(-0.088, 0.215, 0.000)
    bend(-0.081, 0.210, 0.000)
    curveto(-0.075, 0.203, 0.000)
    bend(-0.069, 0.195, 0.000)
    bend(-0.066, 0.186, 0.000)
    curveto(-0.066, 0.175, 0.000)
    bend(-0.066, 0.162, 0.000)
    bend(-0.070, 0.150, 0.000)
    curveto(-0.080, 0.140, 0.000)
    bend(-0.092, 0.126, 0.000)
    bend(-0.111, 0.119, 0.000)
    curveto(-0.135, 0.119, 0.000)
    bend(-0.139, 0.119, 0.000)
    bend(-0.147, 0.119, 0.000)
    curveto(-0.160, 0.119, 0.000)
    bend(-0.172, 0.120, 0.000)
    bend(-0.179, 0.120, 0.000)
    curveto(-0.182, 0.120, 0.000)
    lineto(-0.182, 0.120, 0.000)
    close
    moveto(-0.172, 0.266, 0.000)
    lineto(-0.172, 0.239, 0.000)
    bend(-0.172, 0.234, 0.000)
    bend(-0.172, 0.231, 0.000)
    curveto(-0.171, 0.229, 0.000)
    bend(-0.170, 0.228, 0.000)
    bend(-0.168, 0.227, 0.000)
    curveto(-0.165, 0.227, 0.000)
    bend(-0.158, 0.227, 0.000)
    bend(-0.153, 0.229, 0.000)
    curveto(-0.150, 0.233, 0.000)
    bend(-0.147, 0.237, 0.000)
    bend(-0.145, 0.243, 0.000)
    curveto(-0.145, 0.252, 0.000)
    bend(-0.145, 0.260, 0.000)
    bend(-0.147, 0.267, 0.000)
    curveto(-0.150, 0.272, 0.000)
    bend(-0.153, 0.276, 0.000)
    bend(-0.158, 0.279, 0.000)
    curveto(-0.164, 0.279, 0.000)
    bend(-0.167, 0.279, 0.000)
    bend(-0.169, 0.278, 0.000)
    curveto(-0.171, 0.276, 0.000)
    bend(-0.172, 0.274, 0.000)
    bend(-0.172, 0.271, 0.000)
    curveto(-0.172, 0.266, 0.000)
    lineto(-0.172, 0.266, 0.000)
    close
    moveto(-0.172, 0.189, 0.000)
    lineto(-0.172, 0.176, 0.000)
    bend(-0.172, 0.164, 0.000)
    bend(-0.171, 0.156, 0.000)
    curveto(-0.170, 0.152, 0.000)
    bend(-0.168, 0.149, 0.000)
    bend(-0.165, 0.147, 0.000)
    curveto(-0.159, 0.147, 0.000)
    bend(-0.146, 0.147, 0.000)
    bend(-0.139, 0.155, 0.000)
    curveto(-0.139, 0.171, 0.000)
    bend(-0.139, 0.191, 0.000)
    bend(-0.147, 0.201, 0.000)
    curveto(-0.162, 0.201, 0.000)
    bend(-0.166, 0.201, 0.000)
    bend(-0.169, 0.200, 0.000)
    curveto(-0.170, 0.198, 0.000)
    bend(-0.172, 0.196, 0.000)
    bend(-0.172, 0.193, 0.000)
    curveto(-0.172, 0.189, 0.000)
    lineto(-0.172, 0.189, 0.000)
    close
    moveto(0.115, 0.308, 0.000)
    bend(0.128, 0.308, 0.000)
    bend(0.141, 0.305, 0.000)
    curveto(0.153, 0.299, 0.000)
    bend(0.159, 0.297, 0.000)
    bend(0.163, 0.295, 0.000)
    curveto(0.165, 0.295, 0.000)
    bend(0.167, 0.295, 0.000)
    bend(0.169, 0.296, 0.000)
    curveto(0.173, 0.296, 0.000)
    bend(0.174, 0.297, 0.000)
    bend(0.176, 0.297, 0.000)
    curveto(0.177, 0.297, 0.000)
    bend(0.182, 0.297, 0.000)
    bend(0.186, 0.295, 0.000)
    curveto(0.189, 0.290, 0.000)
    bend(0.198, 0.280, 0.000)
    bend(0.202, 0.267, 0.000)
    curveto(0.202, 0.251, 0.000)
    bend(0.202, 0.241, 0.000)
    bend(0.199, 0.233, 0.000)
    curveto(0.191, 0.228, 0.000)
    bend(0.187, 0.225, 0.000)
    bend(0.182, 0.224, 0.000)
    curveto(0.177, 0.224, 0.000)
    bend(0.173, 0.224, 0.000)
    bend(0.169, 0.225, 0.000)
    curveto(0.166, 0.227, 0.000)
    bend(0.163, 0.229, 0.000)
    bend(0.161, 0.232, 0.000)
    curveto(0.158, 0.237, 0.000)
    bend(0.154, 0.244, 0.000)
    bend(0.151, 0.249, 0.000)
    curveto(0.148, 0.252, 0.000)
    bend(0.146, 0.255, 0.000)
    bend(0.143, 0.258, 0.000)
    curveto(0.139, 0.261, 0.000)
    bend(0.131, 0.267, 0.000)
    bend(0.122, 0.270, 0.000)
    curveto(0.112, 0.270, 0.000)
    bend(0.103, 0.270, 0.000)
    bend(0.095, 0.267, 0.000)
    curveto(0.090, 0.260, 0.000)
    bend(0.085, 0.253, 0.000)
    bend(0.082, 0.244, 0.000)
    curveto(0.082, 0.233, 0.000)
    bend(0.082, 0.218, 0.000)
    bend(0.086, 0.203, 0.000)
    curveto(0.094, 0.190, 0.000)
    bend(0.104, 0.173, 0.000)
    bend(0.119, 0.165, 0.000)
    curveto(0.139, 0.165, 0.000)
    bend(0.147, 0.165, 0.000)
    bend(0.154, 0.166, 0.000)
    curveto(0.161, 0.168, 0.000)
    bend(0.168, 0.171, 0.000)
    bend(0.174, 0.174, 0.000)
    curveto(0.178, 0.178, 0.000)
    bend(0.181, 0.181, 0.000)
    bend(0.184, 0.183, 0.000)
    curveto(0.186, 0.183, 0.000)
    bend(0.189, 0.183, 0.000)
    bend(0.192, 0.181, 0.000)
    curveto(0.194, 0.178, 0.000)
    bend(0.196, 0.175, 0.000)
    bend(0.197, 0.172, 0.000)
    curveto(0.197, 0.168, 0.000)
    bend(0.197, 0.162, 0.000)
    bend(0.196, 0.157, 0.000)
    curveto(0.193, 0.150, 0.000)
    bend(0.190, 0.144, 0.000)
    bend(0.186, 0.139, 0.000)
    curveto(0.181, 0.135, 0.000)
    bend(0.179, 0.133, 0.000)
    bend(0.176, 0.132, 0.000)
    curveto(0.170, 0.131, 0.000)
    bend(0.166, 0.130, 0.000)
    bend(0.162, 0.129, 0.000)
    curveto(0.156, 0.126, 0.000)
    bend(0.143, 0.119, 0.000)
    bend(0.129, 0.116, 0.000)
    curveto(0.114, 0.116, 0.000)
    bend(0.099, 0.116, 0.000)
    bend(0.084, 0.120, 0.000)
    curveto(0.069, 0.126, 0.000)
    bend(0.052, 0.134, 0.000)
    bend(0.038, 0.146, 0.000)
    curveto(0.028, 0.162, 0.000)
    bend(0.018, 0.178, 0.000)
    bend(0.013, 0.195, 0.000)
    curveto(0.013, 0.212, 0.000)
    bend(0.013, 0.232, 0.000)
    bend(0.020, 0.250, 0.000)
    curveto(0.032, 0.266, 0.000)
    bend(0.043, 0.281, 0.000)
    bend(0.057, 0.292, 0.000)
    curveto(0.074, 0.299, 0.000)
    bend(0.088, 0.305, 0.000)
    bend(0.101, 0.308, 0.000)
    curveto(0.115, 0.308, 0.000)
    lineto(0.115, 0.308, 0.000)
    close
    moveto(0.337, 0.120, 0.000)
    lineto(0.327, 0.120, 0.000)
    bend(0.322, 0.120, 0.000)
    bend(0.315, 0.120, 0.000)
    curveto(0.308, 0.119, 0.000)
    bend(0.304, 0.119, 0.000)
    bend(0.301, 0.119, 0.000)
    curveto(0.299, 0.119, 0.000)
    bend(0.293, 0.119, 0.000)
    bend(0.288, 0.120, 0.000)
    curveto(0.285, 0.123, 0.000)
    bend(0.281, 0.126, 0.000)
    bend(0.279, 0.129, 0.000)
    curveto(0.279, 0.134, 0.000)
    bend(0.279, 0.137, 0.000)
    bend(0.280, 0.139, 0.000)
    curveto(0.281, 0.141, 0.000)
    bend(0.283, 0.143, 0.000)
    bend(0.286, 0.144, 0.000)
    curveto(0.290, 0.145, 0.000)
    bend(0.293, 0.146, 0.000)
    bend(0.296, 0.148, 0.000)
    curveto(0.297, 0.150, 0.000)
    bend(0.298, 0.152, 0.000)
    bend(0.299, 0.156, 0.000)
    curveto(0.300, 0.161, 0.000)
    bend(0.301, 0.168, 0.000)
    bend(0.301, 0.181, 0.000)
    curveto(0.302, 0.201, 0.000)
    bend(0.302, 0.220, 0.000)
    bend(0.303, 0.240, 0.000)
    curveto(0.303, 0.259, 0.000)
    bend(0.303, 0.267, 0.000)
    bend(0.302, 0.272, 0.000)
    curveto(0.301, 0.274, 0.000)
    bend(0.300, 0.277, 0.000)
    bend(0.297, 0.279, 0.000)
    curveto(0.293, 0.280, 0.000)
    bend(0.286, 0.283, 0.000)
    bend(0.283, 0.287, 0.000)
    curveto(0.283, 0.292, 0.000)
    bend(0.283, 0.297, 0.000)
    bend(0.285, 0.300, 0.000)
    curveto(0.290, 0.303, 0.000)
    bend(0.294, 0.305, 0.000)
    bend(0.300, 0.306, 0.000)
    curveto(0.308, 0.306, 0.000)
    bend(0.310, 0.306, 0.000)
    bend(0.313, 0.306, 0.000)
    curveto(0.317, 0.306, 0.000)
    bend(0.324, 0.306, 0.000)
    bend(0.330, 0.306, 0.000)
    curveto(0.333, 0.306, 0.000)
    bend(0.346, 0.306, 0.000)
    bend(0.360, 0.306, 0.000)
    curveto(0.377, 0.307, 0.000)
    bend(0.380, 0.307, 0.000)
    bend(0.384, 0.307, 0.000)
    curveto(0.389, 0.307, 0.000)
    bend(0.410, 0.307, 0.000)
    bend(0.426, 0.305, 0.000)
    curveto(0.438, 0.300, 0.000)
    bend(0.456, 0.293, 0.000)
    bend(0.469, 0.281, 0.000)
    curveto(0.478, 0.265, 0.000)
    bend(0.486, 0.250, 0.000)
    bend(0.490, 0.233, 0.000)
    curveto(0.490, 0.213, 0.000)
    bend(0.490, 0.203, 0.000)
    bend(0.489, 0.192, 0.000)
    curveto(0.486, 0.182, 0.000)
    bend(0.483, 0.172, 0.000)
    bend(0.479, 0.163, 0.000)
    curveto(0.474, 0.156, 0.000)
    bend(0.464, 0.141, 0.000)
    bend(0.449, 0.130, 0.000)
    curveto(0.431, 0.124, 0.000)
    bend(0.420, 0.120, 0.000)
    bend(0.409, 0.118, 0.000)
    curveto(0.396, 0.118, 0.000)
    lineto(0.380, 0.119, 0.000)
    lineto(0.366, 0.119, 0.000)
    bend(0.355, 0.120, 0.000)
    bend(0.345, 0.120, 0.000)
    curveto(0.337, 0.120, 0.000)
    lineto(0.337, 0.120, 0.000)
    close
    moveto(0.366, 0.266, 0.000)
    lineto(0.366, 0.162, 0.000)
    bend(0.366, 0.156, 0.000)
    bend(0.367, 0.152, 0.000)
    curveto(0.369, 0.150, 0.000)
    bend(0.372, 0.147, 0.000)
    bend(0.376, 0.146, 0.000)
    curveto(0.381, 0.146, 0.000)
    bend(0.408, 0.146, 0.000)
    bend(0.421, 0.166, 0.000)
    curveto(0.421, 0.206, 0.000)
    bend(0.421, 0.228, 0.000)
    bend(0.418, 0.245, 0.000)
    curveto(0.412, 0.257, 0.000)
    bend(0.405, 0.271, 0.000)
    bend(0.393, 0.277, 0.000)
    curveto(0.377, 0.277, 0.000)
    bend(0.373, 0.277, 0.000)
    bend(0.370, 0.277, 0.000)
    curveto(0.368, 0.275, 0.000)
    bend(0.366, 0.273, 0.000)
    bend(0.366, 0.270, 0.000)
    curveto(0.366, 0.266, 0.000)
    lineto(0.366, 0.266, 0.000)
    close
}

